0.00000000e+00
1.58707511e+00
8.82226646e-01
0.00000000e+00
0.00000000e+00
9.42615196e-02
0.00000000e+00
0.00000000e+00
1.09621942e+00
6.82353318e-01
7.07050502e-01
0.00000000e+00
6.11322999e-01
1.16457677e+00
0.00000000e+00
0.00000000e+00
0.00000000e+00
0.00000000e+00
0.00000000e+00
0.00000000e+00
0.00000000e+00
0.00000000e+00
1.98980165e+00
1.18175626e+00
0.00000000e+00
0.00000000e+00
0.00000000e+00
0.00000000e+00
1.26568687e+00
1.67823434e-01
0.00000000e+00
1.52603161e+00
1.02722716e+00
1.29543841e+00
0.00000000e+00
0.00000000e+00
0.00000000e+00
1.30169213e-01
9.76296663e-01
0.00000000e+00
0.00000000e+00
1.49273872e-02
0.00000000e+00
0.00000000e+00
0.00000000e+00
9.34963405e-01
0.00000000e+00
1.49983615e-02
9.53039408e-01
0.00000000e+00
0.00000000e+00
7.30108082e-01
0.00000000e+00
0.00000000e+00
5.55156410e-01
0.00000000e+00
0.00000000e+00
0.00000000e+00
0.00000000e+00
0.00000000e+00
0.00000000e+00
0.00000000e+00
0.00000000e+00
6.70512319e-01
0.00000000e+00
0.00000000e+00
0.00000000e+00
1.09310317e+00
0.00000000e+00
5.24332225e-01
9.47396085e-02
0.00000000e+00
0.00000000e+00
4.81792271e-01
2.22060308e-01
8.38859260e-01
0.00000000e+00
3.64900768e-01
0.00000000e+00
0.00000000e+00
0.00000000e+00
0.00000000e+00
0.00000000e+00
0.00000000e+00
0.00000000e+00
0.00000000e+00
7.62176514e-01
0.00000000e+00
0.00000000e+00
0.00000000e+00
1.43660772e+00
0.00000000e+00
7.63591945e-01
0.00000000e+00
0.00000000e+00
0.00000000e+00
0.00000000e+00
0.00000000e+00
0.00000000e+00
6.74745142e-02
0.00000000e+00
0.00000000e+00
5.23759007e-01
5.08911788e-01
1.97142109e-01
0.00000000e+00
0.00000000e+00
7.89285660e-01
0.00000000e+00
4.37289715e-01
0.00000000e+00
0.00000000e+00
0.00000000e+00
1.60934195e-01
0.00000000e+00
0.00000000e+00
1.91819310e-01
0.00000000e+00
0.00000000e+00
0.00000000e+00
1.29549658e+00
0.00000000e+00
7.31657863e-01
0.00000000e+00
0.00000000e+00
0.00000000e+00
0.00000000e+00
9.78905678e-01
0.00000000e+00
0.00000000e+00
0.00000000e+00
0.00000000e+00
2.26846650e-01
3.57464373e-01
1.46695864e+00
0.00000000e+00
1.12932491e+00
0.00000000e+00
1.87938344e+00
5.97602189e-01
0.00000000e+00
3.23892474e-01
0.00000000e+00
7.61441767e-01
0.00000000e+00
8.06496322e-01
0.00000000e+00
2.20187473e+00
0.00000000e+00
0.00000000e+00
0.00000000e+00
0.00000000e+00
0.00000000e+00
0.00000000e+00
0.00000000e+00
0.00000000e+00
5.19142807e-01
0.00000000e+00
0.00000000e+00
0.00000000e+00
2.01938891e+00
0.00000000e+00
1.28696740e+00
0.00000000e+00
0.00000000e+00
0.00000000e+00
7.19962299e-01
6.86657608e-01
0.00000000e+00
0.00000000e+00
9.63321269e-01
0.00000000e+00
0.00000000e+00
9.86809850e-01
0.00000000e+00
0.00000000e+00
1.48870325e+00
0.00000000e+00
1.64575469e+00
0.00000000e+00
0.00000000e+00
2.95982778e-01
0.00000000e+00
7.13992864e-03
0.00000000e+00
0.00000000e+00
0.00000000e+00
0.00000000e+00
4.30572003e-01
4.40078795e-01
0.00000000e+00
0.00000000e+00
0.00000000e+00
0.00000000e+00
0.00000000e+00
0.00000000e+00
1.06273317e+00
0.00000000e+00
1.07769489e-01
0.00000000e+00
1.84293258e+00
0.00000000e+00
0.00000000e+00
7.85512447e-01
0.00000000e+00
0.00000000e+00
5.62947810e-01
0.00000000e+00
0.00000000e+00
0.00000000e+00
0.00000000e+00
0.00000000e+00
0.00000000e+00
0.00000000e+00
6.90186858e-01
0.00000000e+00
0.00000000e+00
3.38636220e-01
0.00000000e+00
2.37431988e-01
0.00000000e+00
0.00000000e+00
0.00000000e+00
0.00000000e+00
0.00000000e+00
0.00000000e+00
0.00000000e+00
0.00000000e+00
3.03511590e-01
0.00000000e+00
0.00000000e+00
0.00000000e+00
0.00000000e+00
5.52039266e-01
0.00000000e+00
0.00000000e+00
0.00000000e+00
1.39010227e+00
0.00000000e+00
0.00000000e+00
0.00000000e+00
1.23427236e+00
0.00000000e+00
8.99304807e-01
2.90523052e-01
0.00000000e+00
0.00000000e+00
1.77593052e-01
0.00000000e+00
0.00000000e+00
0.00000000e+00
0.00000000e+00
0.00000000e+00
0.00000000e+00
0.00000000e+00
1.58650792e+00
2.40801781e-01
7.70798177e-02
0.00000000e+00
0.00000000e+00
0.00000000e+00
0.00000000e+00
9.58051145e-01
0.00000000e+00
0.00000000e+00
0.00000000e+00
9.83531952e-01
0.00000000e+00
0.00000000e+00
0.00000000e+00
9.54110086e-01
0.00000000e+00
0.00000000e+00
1.29991353e-01
1.94075716e+00
0.00000000e+00
5.30658185e-01
0.00000000e+00
0.00000000e+00
1.17397201e+00
0.00000000e+00
4.77493763e+00
0.00000000e+00
0.00000000e+00
0.00000000e+00
1.74172628e+00
0.00000000e+00
0.00000000e+00
0.00000000e+00
9.34049428e-01
0.00000000e+00
0.00000000e+00
0.00000000e+00
2.93922991e-01
0.00000000e+00
1.85135615e+00
0.00000000e+00
1.17272161e-01
0.00000000e+00
0.00000000e+00
0.00000000e+00
0.00000000e+00
2.17479110e-01
0.00000000e+00
1.69502687e+00
0.00000000e+00
0.00000000e+00
0.00000000e+00
0.00000000e+00
0.00000000e+00
6.43341780e-01
3.75020564e-01
0.00000000e+00
0.00000000e+00
1.80386734e+00
0.00000000e+00
1.41141975e+00
0.00000000e+00
0.00000000e+00
0.00000000e+00
4.08167392e-01
0.00000000e+00
0.00000000e+00
0.00000000e+00
0.00000000e+00
0.00000000e+00
0.00000000e+00
0.00000000e+00
0.00000000e+00
0.00000000e+00
0.00000000e+00
0.00000000e+00
0.00000000e+00
0.00000000e+00
1.51514280e+00
8.63331556e-01
0.00000000e+00
0.00000000e+00
0.00000000e+00
0.00000000e+00
0.00000000e+00
0.00000000e+00
0.00000000e+00
0.00000000e+00
8.33619952e-01
5.31482100e-01
7.06054091e-01
5.00472963e-01
0.00000000e+00
0.00000000e+00
0.00000000e+00
3.86189222e-02
0.00000000e+00
1.72271299e+00
0.00000000e+00
0.00000000e+00
0.00000000e+00
1.05472124e+00
0.00000000e+00
2.12677553e-01
0.00000000e+00
0.00000000e+00
0.00000000e+00
0.00000000e+00
8.43803406e-01
0.00000000e+00
0.00000000e+00
9.38661456e-01
0.00000000e+00
0.00000000e+00
0.00000000e+00
0.00000000e+00
0.00000000e+00
0.00000000e+00
0.00000000e+00
2.97222525e-01
3.50291729e-01
6.19694889e-01
0.00000000e+00
0.00000000e+00
0.00000000e+00
0.00000000e+00
0.00000000e+00
0.00000000e+00
0.00000000e+00
9.49096441e-01
0.00000000e+00
0.00000000e+00
0.00000000e+00
1.82713270e-01
0.00000000e+00
0.00000000e+00
7.30018914e-02
2.95841169e+00
0.00000000e+00
2.73750091e+00
0.00000000e+00
1.27245355e+00
2.09414631e-01
0.00000000e+00
0.00000000e+00
4.58900928e-01
0.00000000e+00
0.00000000e+00
1.36530447e+00
1.38195002e+00
0.00000000e+00
1.64509416e-02
0.00000000e+00
0.00000000e+00
0.00000000e+00
0.00000000e+00
0.00000000e+00
0.00000000e+00
1.10919166e+00
2.12757039e+00
0.00000000e+00
0.00000000e+00
3.86295140e-01
0.00000000e+00
0.00000000e+00
0.00000000e+00
1.58001292e+00
0.00000000e+00
1.45915091e+00
0.00000000e+00
0.00000000e+00
4.49538350e-01
3.21521580e-01
1.04428673e+00
0.00000000e+00
7.38304019e-01
0.00000000e+00
0.00000000e+00
5.91676533e-01
0.00000000e+00
0.00000000e+00
0.00000000e+00
0.00000000e+00
0.00000000e+00
0.00000000e+00
2.66319489e+00
0.00000000e+00
1.52488542e+00
2.93046689e+00
0.00000000e+00
0.00000000e+00
4.55076277e-01
0.00000000e+00
0.00000000e+00
0.00000000e+00
0.00000000e+00
9.11964834e-01
0.00000000e+00
0.00000000e+00
0.00000000e+00
0.00000000e+00
0.00000000e+00
0.00000000e+00
1.39939293e-01
0.00000000e+00
0.00000000e+00
0.00000000e+00
7.50842571e-01
0.00000000e+00
3.22892994e-01
0.00000000e+00
0.00000000e+00
0.00000000e+00
0.00000000e+00
2.55916625e-01
4.23884124e-01
0.00000000e+00
0.00000000e+00
5.60029805e-01
0.00000000e+00
2.22399339e-01
4.68741357e-01
1.34055972e+00
0.00000000e+00
0.00000000e+00
0.00000000e+00
0.00000000e+00
0.00000000e+00
0.00000000e+00
0.00000000e+00
8.63688707e-01
0.00000000e+00
0.00000000e+00
0.00000000e+00
2.16337776e+00
6.42990589e-01
0.00000000e+00
1.92022169e+00
8.23968887e-01
0.00000000e+00
3.23547646e-02
0.00000000e+00
0.00000000e+00
8.64999592e-01
0.00000000e+00
0.00000000e+00
5.84559917e-01
0.00000000e+00
1.43559143e-01
0.00000000e+00
7.60050714e-02
0.00000000e+00
0.00000000e+00
8.79538834e-01
0.00000000e+00
0.00000000e+00
0.00000000e+00
0.00000000e+00
1.86062574e+00
0.00000000e+00
1.23281717e+00
0.00000000e+00
0.00000000e+00
0.00000000e+00
0.00000000e+00
1.15061328e-01
5.10980010e-01
0.00000000e+00
0.00000000e+00
0.00000000e+00
1.14065215e-01
1.03457677e+00
1.69692767e+00
0.00000000e+00
7.58679882e-02
0.00000000e+00
4.15388703e-01
0.00000000e+00
0.00000000e+00
7.29815841e-01
1.91805094e-01
5.62508583e-01
6.36119068e-01
0.00000000e+00
0.00000000e+00
0.00000000e+00
0.00000000e+00
0.00000000e+00
0.00000000e+00
0.00000000e+00
4.10927653e-01
1.61731172e+00
0.00000000e+00
1.85390264e-01
6.08079135e-01
1.64943159e-01
0.00000000e+00
2.71570444e-01
0.00000000e+00
0.00000000e+00
0.00000000e+00
0.00000000e+00
1.25263071e+00
6.43462777e-01
0.00000000e+00
1.91759980e+00
1.14661896e+00
0.00000000e+00
6.77698433e-01
3.19690287e-01
0.00000000e+00
0.00000000e+00
0.00000000e+00
1.25112236e+00
0.00000000e+00
0.00000000e+00
0.00000000e+00
2.86361217e-01
1.29438341e-01
0.00000000e+00
0.00000000e+00
0.00000000e+00
1.21617012e-01
0.00000000e+00
0.00000000e+00
0.00000000e+00
0.00000000e+00
7.76697099e-02
0.00000000e+00
0.00000000e+00
0.00000000e+00
1.49086845e+00
0.00000000e+00
0.00000000e+00
0.00000000e+00
0.00000000e+00
0.00000000e+00
0.00000000e+00
0.00000000e+00
0.00000000e+00
0.00000000e+00
0.00000000e+00
0.00000000e+00
3.18713844e-01
0.00000000e+00
0.00000000e+00
3.36350650e-02
5.75041175e-01
0.00000000e+00
0.00000000e+00
1.18028450e+00
0.00000000e+00
0.00000000e+00
0.00000000e+00
0.00000000e+00
2.37918997e+00
0.00000000e+00
0.00000000e+00
0.00000000e+00
0.00000000e+00
0.00000000e+00
1.05503786e+00
1.08170712e+00
4.58069071e-02
0.00000000e+00
0.00000000e+00
0.00000000e+00
0.00000000e+00
0.00000000e+00
0.00000000e+00
7.76724100e-01
0.00000000e+00
0.00000000e+00
8.16772580e-01
0.00000000e+00
0.00000000e+00
1.35352230e+00
0.00000000e+00
0.00000000e+00
9.87957656e-01
8.12373698e-01
0.00000000e+00
0.00000000e+00
0.00000000e+00
3.10270041e-01
0.00000000e+00
0.00000000e+00
0.00000000e+00
0.00000000e+00
0.00000000e+00
0.00000000e+00
5.67716956e-01
3.79932582e-01
0.00000000e+00
0.00000000e+00
0.00000000e+00
0.00000000e+00
0.00000000e+00
0.00000000e+00
0.00000000e+00
0.00000000e+00
0.00000000e+00
3.40538204e-01
0.00000000e+00
4.86578971e-01
0.00000000e+00
0.00000000e+00
0.00000000e+00
0.00000000e+00
0.00000000e+00
2.28999615e-01
0.00000000e+00
2.20616668e-01
0.00000000e+00
0.00000000e+00
0.00000000e+00
5.61292708e-01
0.00000000e+00
0.00000000e+00
0.00000000e+00
0.00000000e+00
0.00000000e+00
0.00000000e+00
7.68842936e-01
3.83533239e-01
0.00000000e+00
2.20973015e+00
0.00000000e+00
9.09956694e-01
0.00000000e+00
0.00000000e+00
0.00000000e+00
0.00000000e+00
0.00000000e+00
1.77331746e+00
0.00000000e+00
0.00000000e+00
0.00000000e+00
1.17692828e+00
0.00000000e+00
0.00000000e+00
6.52898848e-03
0.00000000e+00
0.00000000e+00
0.00000000e+00
0.00000000e+00
0.00000000e+00
7.63872713e-02
0.00000000e+00
0.00000000e+00
0.00000000e+00
0.00000000e+00
4.31730121e-01
0.00000000e+00
0.00000000e+00
1.92182839e+00
0.00000000e+00
0.00000000e+00
1.71054792e+00
0.00000000e+00
1.28515041e+00
0.00000000e+00
0.00000000e+00
4.97140437e-01
1.50647640e+00
1.78057325e+00
6.06247902e-01
0.00000000e+00
0.00000000e+00
0.00000000e+00
0.00000000e+00
1.55732107e+00
5.02618134e-01
0.00000000e+00
0.00000000e+00
9.42208230e-01
0.00000000e+00
0.00000000e+00
0.00000000e+00
1.95227849e+00
1.17608106e+00
0.00000000e+00
1.78245115e+00
0.00000000e+00
0.00000000e+00
1.65260822e-01
0.00000000e+00
0.00000000e+00
0.00000000e+00
1.06412017e+00
0.00000000e+00
0.00000000e+00
0.00000000e+00
0.00000000e+00
0.00000000e+00
0.00000000e+00
0.00000000e+00
0.00000000e+00
2.70355403e-01
3.49690229e-01
0.00000000e+00
0.00000000e+00
0.00000000e+00
6.48950875e-01
0.00000000e+00
6.32236421e-01
1.74968585e-01
0.00000000e+00
7.07324326e-01
5.54697871e-01
4.43836033e-01
0.00000000e+00
0.00000000e+00
1.78909886e+00
0.00000000e+00
5.59952259e-01
0.00000000e+00
0.00000000e+00
7.57024288e-01
0.00000000e+00
0.00000000e+00
1.44540846e+00
0.00000000e+00
4.91426826e-01
7.79700160e-01
0.00000000e+00
0.00000000e+00
1.29805887e+00
0.00000000e+00
0.00000000e+00
0.00000000e+00
1.30375326e-01
0.00000000e+00
5.54794148e-02
0.00000000e+00
5.57905316e-01
0.00000000e+00
0.00000000e+00
1.16682136e+00
0.00000000e+00
0.00000000e+00
0.00000000e+00
0.00000000e+00
0.00000000e+00
0.00000000e+00
0.00000000e+00
0.00000000e+00
7.30797827e-01
1.62741280e+00
1.69966251e-01
1.08779335e+00
0.00000000e+00
0.00000000e+00
0.00000000e+00
0.00000000e+00
3.03513861e+00
2.83476979e-01
0.00000000e+00
0.00000000e+00
0.00000000e+00
0.00000000e+00
3.26404780e-01
0.00000000e+00
0.00000000e+00
0.00000000e+00
0.00000000e+00
0.00000000e+00
5.46448410e-01
0.00000000e+00
2.48258352e-01
0.00000000e+00
0.00000000e+00
0.00000000e+00
0.00000000e+00
0.00000000e+00
3.86459082e-01
0.00000000e+00
0.00000000e+00
1.20102477e+00
0.00000000e+00
0.00000000e+00
0.00000000e+00
0.00000000e+00
0.00000000e+00
0.00000000e+00
6.13506794e-01
0.00000000e+00
0.00000000e+00
0.00000000e+00
0.00000000e+00
0.00000000e+00
1.14642787e+00
0.00000000e+00
0.00000000e+00
4.68436778e-01
0.00000000e+00
5.03334165e-01
0.00000000e+00
5.35748959e-01
0.00000000e+00
0.00000000e+00
0.00000000e+00
0.00000000e+00
0.00000000e+00
0.00000000e+00
0.00000000e+00
4.21748042e-01
3.05210054e-01
8.32339764e-01
1.24713361e+00
0.00000000e+00
8.88070285e-01
2.78833061e-01
0.00000000e+00
0.00000000e+00
0.00000000e+00
0.00000000e+00
0.00000000e+00
3.18346828e-01
2.68573046e-01
0.00000000e+00
1.89006954e-01
2.76076823e-01
0.00000000e+00
5.37005126e-01
1.23799157e+00
0.00000000e+00
0.00000000e+00
0.00000000e+00
3.51527047e+00
1.46619558e+00
1.00859559e+00
1.21049082e+00
7.44231284e-01
0.00000000e+00
0.00000000e+00
0.00000000e+00
0.00000000e+00
0.00000000e+00
0.00000000e+00
0.00000000e+00
0.00000000e+00
0.00000000e+00
1.82223189e+00
0.00000000e+00
0.00000000e+00
0.00000000e+00
0.00000000e+00
0.00000000e+00
6.65769160e-01
0.00000000e+00
0.00000000e+00
0.00000000e+00
0.00000000e+00
1.20118916e+00
0.00000000e+00
0.00000000e+00
0.00000000e+00
0.00000000e+00
0.00000000e+00
0.00000000e+00
0.00000000e+00
0.00000000e+00
0.00000000e+00
0.00000000e+00
0.00000000e+00
0.00000000e+00
0.00000000e+00
0.00000000e+00
0.00000000e+00
0.00000000e+00
0.00000000e+00
0.00000000e+00
0.00000000e+00
0.00000000e+00
1.29999542e+00
0.00000000e+00
4.45478380e-01
3.46212029e-01
0.00000000e+00
2.17981815e+00
0.00000000e+00
0.00000000e+00
1.78224117e-01
0.00000000e+00
0.00000000e+00
0.00000000e+00
0.00000000e+00
8.25360417e-01
1.15372384e+00
0.00000000e+00
0.00000000e+00
1.32042870e-01
0.00000000e+00
8.13858569e-01
0.00000000e+00
0.00000000e+00
0.00000000e+00
3.69857967e-01
1.50566137e+00
0.00000000e+00
4.23343062e-01
1.64607191e+00
0.00000000e+00
0.00000000e+00
1.28453404e-01
0.00000000e+00
0.00000000e+00
1.22977829e+00
0.00000000e+00
0.00000000e+00
1.83171344e+00
0.00000000e+00
0.00000000e+00
0.00000000e+00
0.00000000e+00
1.51070058e+00
0.00000000e+00
0.00000000e+00
0.00000000e+00
0.00000000e+00
0.00000000e+00
0.00000000e+00
0.00000000e+00
0.00000000e+00
0.00000000e+00
0.00000000e+00
9.83771622e-01
0.00000000e+00
0.00000000e+00
0.00000000e+00
0.00000000e+00
2.68328261e+00
1.12935567e+00
0.00000000e+00
0.00000000e+00
2.84503192e-01
3.26491684e-01
1.66001201e+00
0.00000000e+00
0.00000000e+00
0.00000000e+00
0.00000000e+00
0.00000000e+00
5.84244132e-02
3.09177220e-01
0.00000000e+00
0.00000000e+00
9.62765276e-01
0.00000000e+00
0.00000000e+00
0.00000000e+00
6.45082712e-01
0.00000000e+00
0.00000000e+00
0.00000000e+00
5.20981610e-01
0.00000000e+00
0.00000000e+00
8.81217241e-01
3.98752451e-01
0.00000000e+00
0.00000000e+00
0.00000000e+00
1.14388309e-01
0.00000000e+00
2.63995934e+00
2.14908433e+00
