8.25306401e-02
0.00000000e+00
0.00000000e+00
0.00000000e+00
0.00000000e+00
0.00000000e+00
0.00000000e+00
3.24373096e-02
5.39972067e-01
4.57367301e-01
5.03269136e-01
4.78742510e-01
4.00001734e-01
0.00000000e+00
3.24373096e-02
0.00000000e+00
5.48369959e-02
2.98013091e-01
4.52535599e-01
2.55695075e-01
0.00000000e+00
3.24373096e-02
0.00000000e+00
8.24229345e-02
3.56885701e-01
6.73797309e-01
5.78366220e-04
0.00000000e+00
3.24373096e-02
0.00000000e+00
2.09076330e-02
4.78980094e-01
0.00000000e+00
0.00000000e+00
0.00000000e+00
3.24373096e-02
0.00000000e+00
2.58295864e-01
3.06215823e-01
1.12799048e-01
0.00000000e+00
0.00000000e+00
5.00384793e-02
4.40791249e-04
1.39951900e-01
2.18311101e-01
2.03671530e-02
0.00000000e+00
0.00000000e+00
0.00000000e+00
0.00000000e+00
0.00000000e+00
0.00000000e+00
0.00000000e+00
0.00000000e+00
6.06169552e-02
0.00000000e+00
0.00000000e+00
6.48814812e-02
0.00000000e+00
1.32652298e-02
2.32791409e-01
2.14195251e-03
0.00000000e+00
2.37687811e-01
1.96760044e-01
3.39062452e-01
8.38212818e-02
3.48707318e-01
2.14195251e-03
0.00000000e+00
0.00000000e+00
0.00000000e+00
0.00000000e+00
3.24129492e-01
0.00000000e+00
2.14195251e-03
0.00000000e+00
0.00000000e+00
0.00000000e+00
3.77929211e-01
2.44596273e-01
0.00000000e+00
2.14195251e-03
0.00000000e+00
0.00000000e+00
0.00000000e+00
4.87901509e-01
0.00000000e+00
0.00000000e+00
2.14195251e-03
3.02630886e-02
0.00000000e+00
3.49883795e-01
4.81584966e-02
0.00000000e+00
0.00000000e+00
1.53858662e-02
0.00000000e+00
0.00000000e+00
0.00000000e+00
0.00000000e+00
0.00000000e+00
0.00000000e+00
4.13464010e-03
0.00000000e+00
0.00000000e+00
0.00000000e+00
0.00000000e+00
0.00000000e+00
7.16691315e-02
4.13464010e-03
0.00000000e+00
1.10863775e-01
2.97220722e-02
0.00000000e+00
2.01178327e-01
1.08331788e+00
2.10102648e-02
0.00000000e+00
0.00000000e+00
3.20567191e-03
0.00000000e+00
1.47523093e+00
9.80618179e-01
4.13464010e-03
0.00000000e+00
0.00000000e+00
0.00000000e+00
3.92832518e-01
1.46325338e+00
0.00000000e+00
4.13464010e-03
0.00000000e+00
0.00000000e+00
0.00000000e+00
1.48304021e+00
7.35240757e-01
0.00000000e+00
4.13464010e-03
0.00000000e+00
0.00000000e+00
3.67664516e-01
1.45170939e+00
0.00000000e+00
0.00000000e+00
6.82629645e-02
6.53862953e-05
6.53862953e-05
6.53862953e-05
6.53862953e-05
6.53862953e-05
6.53862953e-05
7.74424374e-02
0.00000000e+00
2.32255191e-01
2.82709897e-01
3.82552147e-01
3.73209089e-01
4.12929416e-01
1.99322477e-02
0.00000000e+00
1.62109569e-01
0.00000000e+00
0.00000000e+00
3.09369802e-01
0.00000000e+00
1.99322477e-02
0.00000000e+00
0.00000000e+00
0.00000000e+00
1.41549200e-01
7.79264092e-01
0.00000000e+00
1.99322477e-02
0.00000000e+00
0.00000000e+00
0.00000000e+00
7.59570003e-01
8.79100412e-02
0.00000000e+00
1.99322477e-02
0.00000000e+00
0.00000000e+00
4.58797604e-01
8.87479007e-01
0.00000000e+00
0.00000000e+00
1.99322477e-02
3.15037519e-02
4.06468026e-02
4.37128574e-01
0.00000000e+00
5.82102686e-03
5.82102686e-03
3.69790904e-02
2.15266854e-01
1.12826243e-01
1.12826243e-01
1.12826243e-01
1.12826243e-01
1.12826243e-01
1.12826243e-01
3.05144697e-01
8.13081563e-01
0.00000000e+00
0.00000000e+00
0.00000000e+00
0.00000000e+00
6.99591860e-02
2.19268322e-01
0.00000000e+00
0.00000000e+00
0.00000000e+00
4.47164685e-01
1.64869457e-01
1.41060799e-01
1.61629796e-01
9.32207406e-02
1.08979292e-01
8.72405767e-01
2.92531788e-01
3.99006575e-01
1.01783291e-01
1.61629796e-01
9.32207406e-02
7.40195096e-01
8.80261779e-01
4.31257933e-01
4.03514683e-01
9.32207406e-02
1.61629796e-01
1.69118360e-01
8.79742265e-01
0.00000000e+00
4.12896097e-01
9.97209996e-02
9.32207406e-02
1.61629796e-01
2.54150420e-01
5.23037255e-01
3.96652251e-01
2.79174149e-01
1.03816494e-01
1.03816494e-01
1.01442486e-02
0.00000000e+00
0.00000000e+00
0.00000000e+00
0.00000000e+00
0.00000000e+00
5.46517223e-02
1.01442486e-02
7.36954287e-02
0.00000000e+00
2.29318514e-02
2.30341628e-02
1.12059116e-02
0.00000000e+00
1.71866491e-02
5.24667323e-01
8.14782202e-01
3.99801672e-01
1.92072645e-01
0.00000000e+00
0.00000000e+00
1.01442486e-02
1.30853951e-01
4.43760335e-01
7.36776173e-01
3.96568120e-01
1.44662842e-01
0.00000000e+00
1.01442486e-02
0.00000000e+00
0.00000000e+00
5.67512214e-02
1.08510360e-01
1.62681192e-01
0.00000000e+00
1.01442486e-02
0.00000000e+00
0.00000000e+00
0.00000000e+00
1.60933673e-01
1.08461678e-02
0.00000000e+00
4.61356044e-02
2.17871889e-02
1.22457072e-01
4.22042310e-01
9.11951885e-02
1.85044929e-02
1.85044929e-02
7.98614323e-03
0.00000000e+00
0.00000000e+00
0.00000000e+00
0.00000000e+00
0.00000000e+00
0.00000000e+00
5.70354164e-02
2.44377822e-01
9.83095765e-02
4.55866940e-02
5.43927252e-02
0.00000000e+00
0.00000000e+00
6.16370216e-02
5.70674948e-02
4.72703159e-01
3.56553644e-01
4.78641868e-01
2.11137608e-02
0.00000000e+00
0.00000000e+00
0.00000000e+00
0.00000000e+00
3.84302378e-01
0.00000000e+00
0.00000000e+00
0.00000000e+00
0.00000000e+00
0.00000000e+00
3.63988340e-01
4.75563645e-01
0.00000000e+00
0.00000000e+00
0.00000000e+00
0.00000000e+00
0.00000000e+00
5.18845499e-01
0.00000000e+00
0.00000000e+00
0.00000000e+00
0.00000000e+00
0.00000000e+00
4.84978408e-02
1.24856427e-01
0.00000000e+00
0.00000000e+00
0.00000000e+00
1.75044686e-03
0.00000000e+00
0.00000000e+00
0.00000000e+00
0.00000000e+00
0.00000000e+00
0.00000000e+00
0.00000000e+00
0.00000000e+00
7.63258338e-03
3.17755222e-01
2.51131505e-02
0.00000000e+00
0.00000000e+00
0.00000000e+00
0.00000000e+00
3.08005750e-01
2.83614874e-01
4.89203751e-01
4.81192112e-01
2.40262121e-01
0.00000000e+00
0.00000000e+00
0.00000000e+00
0.00000000e+00
9.95804369e-03
2.79045463e-01
0.00000000e+00
0.00000000e+00
0.00000000e+00
0.00000000e+00
0.00000000e+00
4.17256236e-01
1.57233089e-01
0.00000000e+00
0.00000000e+00
0.00000000e+00
0.00000000e+00
1.69284418e-01
3.71064842e-01
0.00000000e+00
0.00000000e+00
0.00000000e+00
2.37135589e-02
3.22184265e-02
4.04589534e-01
1.69228911e-01
0.00000000e+00
0.00000000e+00
1.34057328e-02
2.34526172e-02
2.34526172e-02
2.34526172e-02
2.34526172e-02
2.34526172e-02
2.34526172e-02
1.04128815e-01
0.00000000e+00
0.00000000e+00
1.28017664e-01
0.00000000e+00
0.00000000e+00
4.17389125e-02
0.00000000e+00
9.42487493e-02
1.09802805e-01
0.00000000e+00
0.00000000e+00
0.00000000e+00
2.25161910e-01
0.00000000e+00
0.00000000e+00
0.00000000e+00
0.00000000e+00
9.86772999e-02
2.12333709e-01
4.44064364e-02
0.00000000e+00
0.00000000e+00
0.00000000e+00
0.00000000e+00
2.91961819e-01
3.27848122e-02
7.21117109e-03
0.00000000e+00
0.00000000e+00
0.00000000e+00
2.21488506e-01
2.05077678e-01
5.53031638e-02
0.00000000e+00
0.00000000e+00
3.33813429e-02
5.70969805e-02
2.47700155e-01
1.61658853e-01
6.00503050e-02
0.00000000e+00
0.00000000e+00
0.00000000e+00
0.00000000e+00
0.00000000e+00
0.00000000e+00
0.00000000e+00
0.00000000e+00
0.00000000e+00
0.00000000e+00
1.59333378e-01
9.45585668e-02
0.00000000e+00
0.00000000e+00
0.00000000e+00
0.00000000e+00
2.53424570e-02
1.43228263e-01
0.00000000e+00
0.00000000e+00
3.57274383e-01
0.00000000e+00
0.00000000e+00
0.00000000e+00
0.00000000e+00
0.00000000e+00
5.01748741e-01
9.46316242e-01
0.00000000e+00
0.00000000e+00
0.00000000e+00
0.00000000e+00
1.24195583e-01
9.42634046e-01
2.02536285e-01
0.00000000e+00
0.00000000e+00
0.00000000e+00
0.00000000e+00
8.91963542e-01
1.06311560e+00
0.00000000e+00
0.00000000e+00
0.00000000e+00
6.76498562e-03
4.18944731e-02
6.90123379e-01
0.00000000e+00
0.00000000e+00
0.00000000e+00
0.00000000e+00
0.00000000e+00
0.00000000e+00
0.00000000e+00
0.00000000e+00
0.00000000e+00
0.00000000e+00
0.00000000e+00
0.00000000e+00
6.46270886e-02
0.00000000e+00
0.00000000e+00
0.00000000e+00
0.00000000e+00
0.00000000e+00
0.00000000e+00
3.81608307e-02
4.09669504e-02
3.18916410e-01
3.97635698e-01
4.03858095e-01
0.00000000e+00
0.00000000e+00
0.00000000e+00
0.00000000e+00
2.62699366e-01
2.24238306e-01
0.00000000e+00
0.00000000e+00
0.00000000e+00
0.00000000e+00
6.73542991e-02
6.36878982e-02
1.36324048e-01
0.00000000e+00
0.00000000e+00
0.00000000e+00
0.00000000e+00
1.97815657e-01
1.26546502e-01
0.00000000e+00
0.00000000e+00
0.00000000e+00
0.00000000e+00
0.00000000e+00
8.27772617e-02
5.99001944e-02
0.00000000e+00
0.00000000e+00
0.00000000e+00
1.78672299e-02
1.78672299e-02
1.78672299e-02
1.78672299e-02
1.78672299e-02
1.78672299e-02
3.02499980e-02
0.00000000e+00
7.04220772e-01
9.50478137e-01
7.75354087e-01
8.87344122e-01
9.17813241e-01
5.54364249e-02
6.05131015e-02
2.85329610e-01
1.26162514e-01
0.00000000e+00
0.00000000e+00
2.63571799e-01
4.87231165e-02
0.00000000e+00
4.88172360e-02
1.67464286e-01
1.61517501e-01
0.00000000e+00
0.00000000e+00
0.00000000e+00
0.00000000e+00
0.00000000e+00
1.28216222e-02
6.32368252e-02
0.00000000e+00
0.00000000e+00
0.00000000e+00
0.00000000e+00
0.00000000e+00
5.04928380e-02
8.17479417e-02
0.00000000e+00
0.00000000e+00
0.00000000e+00
1.68209523e-03
6.90919086e-02
2.49556303e-01
0.00000000e+00
1.68209523e-03
1.68209523e-03
1.18783340e-02
1.09833330e-02
0.00000000e+00
0.00000000e+00
0.00000000e+00
0.00000000e+00
0.00000000e+00
0.00000000e+00
3.45714390e-02
2.18559980e-01
0.00000000e+00
0.00000000e+00
0.00000000e+00
0.00000000e+00
0.00000000e+00
0.00000000e+00
3.99343789e-01
6.51166797e-01
1.06005967e+00
8.03795040e-01
0.00000000e+00
0.00000000e+00
0.00000000e+00
0.00000000e+00
0.00000000e+00
1.56240001e-01
0.00000000e+00
0.00000000e+00
0.00000000e+00
0.00000000e+00
0.00000000e+00
1.35481343e-01
0.00000000e+00
0.00000000e+00
0.00000000e+00
0.00000000e+00
0.00000000e+00
0.00000000e+00
1.87970534e-01
0.00000000e+00
0.00000000e+00
0.00000000e+00
0.00000000e+00
0.00000000e+00
0.00000000e+00
2.83762455e-01
2.00929821e-01
2.97559574e-02
0.00000000e+00
1.04666449e-01
2.34767795e-02
2.34767795e-02
2.34767795e-02
2.34767795e-02
2.34767795e-02
2.34767795e-02
3.26863676e-02
0.00000000e+00
0.00000000e+00
0.00000000e+00
0.00000000e+00
0.00000000e+00
2.98119411e-02
0.00000000e+00
8.23986307e-02
2.41802573e-01
5.49758077e-01
4.81431454e-01
3.40582728e-02
0.00000000e+00
0.00000000e+00
0.00000000e+00
0.00000000e+00
0.00000000e+00
1.23285130e-02
0.00000000e+00
8.88912082e-02
0.00000000e+00
0.00000000e+00
0.00000000e+00
0.00000000e+00
0.00000000e+00
0.00000000e+00
4.34164852e-02
0.00000000e+00
0.00000000e+00
0.00000000e+00
0.00000000e+00
3.60786840e-02
4.71254699e-02
0.00000000e+00
0.00000000e+00
2.81731114e-02
5.15336394e-02
3.62625718e-01
1.46226853e-01
3.47529799e-02
0.00000000e+00
0.00000000e+00
5.82486838e-02
5.55507839e-03
5.55507839e-03
5.55507839e-03
5.55507839e-03
5.55507839e-03
7.95855373e-03
0.00000000e+00
0.00000000e+00
0.00000000e+00
0.00000000e+00
0.00000000e+00
0.00000000e+00
7.95855373e-03
9.08710435e-02
1.14751446e+00
1.25805628e+00
1.01518226e+00
4.66242909e-01
3.08218747e-02
2.72363387e-02
1.71415508e-03
1.71415508e-03
1.71415508e-03
0.00000000e+00
0.00000000e+00
0.00000000e+00
7.95855373e-03
1.71415508e-03
1.71415508e-03
1.19000673e-03
0.00000000e+00
0.00000000e+00
9.44860280e-04
7.95855373e-03
1.71415508e-03
1.71415508e-03
0.00000000e+00
0.00000000e+00
8.31009224e-02
1.71415508e-03
7.95855373e-03
8.91313702e-02
1.75782681e-01
1.05635893e+00
6.64313078e-01
8.91313702e-02
8.91313702e-02
1.52976632e-01
0.00000000e+00
0.00000000e+00
0.00000000e+00
0.00000000e+00
0.00000000e+00
0.00000000e+00
0.00000000e+00
0.00000000e+00
2.15643585e-01
4.75901484e-01
4.38980401e-01
4.65462804e-01
3.83535117e-01
8.45737755e-03
0.00000000e+00
0.00000000e+00
0.00000000e+00
0.00000000e+00
0.00000000e+00
3.92279401e-02
0.00000000e+00
0.00000000e+00
0.00000000e+00
0.00000000e+00
0.00000000e+00
0.00000000e+00
0.00000000e+00
0.00000000e+00
0.00000000e+00
0.00000000e+00
0.00000000e+00
1.19341314e-02
2.36005262e-02
0.00000000e+00
0.00000000e+00
0.00000000e+00
0.00000000e+00
0.00000000e+00
1.16543502e-01
0.00000000e+00
0.00000000e+00
0.00000000e+00
3.75185683e-02
5.60250133e-03
0.00000000e+00
0.00000000e+00
5.60250133e-03
5.60250133e-03
5.60250133e-03
1.19810700e-02
1.19810700e-02
1.19810700e-02
1.19810700e-02
1.19810700e-02
1.19810700e-02
1.19810700e-02
6.06036521e-02
9.29227918e-02
1.44997686e-01
0.00000000e+00
0.00000000e+00
4.23267484e-04
5.17988205e-03
2.67968267e-01
0.00000000e+00
7.90878460e-02
0.00000000e+00
0.00000000e+00
3.50750715e-01
1.40401930e-01
1.72112063e-02
1.19810700e-02
1.19810700e-02
1.39808536e-01
0.00000000e+00
7.06247747e-01
4.56800573e-02
1.19810700e-02
1.19810700e-02
1.01807065e-01
2.18999386e-01
7.37161994e-01
6.10926032e-01
1.19810700e-02
1.19810700e-02
1.19810700e-02
2.00911343e-01
2.62768567e-01
6.62770987e-01
3.48280743e-02
1.19810700e-02
2.31322125e-02
2.03062892e-01
1.82266414e-01
7.21148312e-01
4.47719961e-01
2.31322125e-02
2.31322125e-02
2.65608579e-02
0.00000000e+00
0.00000000e+00
0.00000000e+00
0.00000000e+00
0.00000000e+00
2.39169821e-02
0.00000000e+00
0.00000000e+00
0.00000000e+00
0.00000000e+00
0.00000000e+00
4.89485934e-02
0.00000000e+00
0.00000000e+00
1.27402917e-02
0.00000000e+00
0.00000000e+00
3.03015083e-01
2.52701670e-01
0.00000000e+00
0.00000000e+00
0.00000000e+00
0.00000000e+00
0.00000000e+00
9.96401966e-01
0.00000000e+00
0.00000000e+00
0.00000000e+00
0.00000000e+00
0.00000000e+00
8.67269874e-01
9.25906181e-01
0.00000000e+00
0.00000000e+00
0.00000000e+00
0.00000000e+00
0.00000000e+00
8.51305246e-01
0.00000000e+00
0.00000000e+00
0.00000000e+00
1.67738646e-03
0.00000000e+00
4.22757208e-01
3.44537079e-01
0.00000000e+00
0.00000000e+00
1.35067292e-02
4.88133430e-02
3.73855308e-02
3.73855308e-02
3.73855308e-02
3.73855308e-02
3.73855308e-02
3.73855308e-02
0.00000000e+00
0.00000000e+00
2.09790230e-01
1.04658559e-01
1.24884903e-01
1.28142104e-01
4.83676791e-04
4.49793786e-02
2.51858741e-01
2.69151896e-01
1.29248694e-01
0.00000000e+00
0.00000000e+00
4.83676791e-04
0.00000000e+00
0.00000000e+00
1.09075800e-01
1.39396936e-02
9.58359241e-02
1.57584533e-01
5.88375330e-03
0.00000000e+00
0.00000000e+00
0.00000000e+00
9.64112282e-02
0.00000000e+00
1.45965815e-01
4.83676791e-04
0.00000000e+00
0.00000000e+00
0.00000000e+00
0.00000000e+00
1.63072139e-01
1.03390738e-02
4.83676791e-04
0.00000000e+00
3.44899744e-02
3.75619024e-01
2.16204524e-02
1.20047107e-01
0.00000000e+00
4.83676791e-04
1.22993819e-01
2.27251500e-02
2.27251500e-02
2.27251500e-02
2.27251500e-02
2.27251500e-02
2.27251500e-02
8.76058936e-02
3.62525165e-01
0.00000000e+00
0.00000000e+00
0.00000000e+00
0.00000000e+00
2.13039704e-02
8.76058936e-02
3.21048945e-02
2.61735082e-01
0.00000000e+00
4.97774556e-02
0.00000000e+00
0.00000000e+00
8.76058936e-02
1.22652292e-01
3.01391751e-01
7.77480304e-01
3.68203580e-01
2.52935469e-01
6.73714951e-02
8.76058936e-02
2.27251500e-02
1.97870582e-01
2.31758028e-01
2.35486597e-01
2.62198716e-01
2.27251500e-02
8.76058936e-02
2.27251500e-02
2.26486295e-01
0.00000000e+00
3.33856553e-01
7.44090378e-02
2.27251500e-02
1.98914409e-01
1.98914409e-01
8.35009143e-02
5.69804668e-01
2.47472137e-01
1.98914409e-01
1.98914409e-01
9.30982828e-03
0.00000000e+00
0.00000000e+00
0.00000000e+00
0.00000000e+00
0.00000000e+00
0.00000000e+00
0.00000000e+00
1.20341182e-02
0.00000000e+00
0.00000000e+00
2.82290578e-02
0.00000000e+00
0.00000000e+00
0.00000000e+00
0.00000000e+00
0.00000000e+00
0.00000000e+00
1.01063341e-01
0.00000000e+00
0.00000000e+00
0.00000000e+00
0.00000000e+00
0.00000000e+00
4.02394384e-01
7.17190623e-01
0.00000000e+00
0.00000000e+00
0.00000000e+00
0.00000000e+00
0.00000000e+00
6.83599710e-01
2.59898454e-01
0.00000000e+00
0.00000000e+00
0.00000000e+00
0.00000000e+00
7.42943525e-01
7.25270271e-01
0.00000000e+00
0.00000000e+00
0.00000000e+00
0.00000000e+00
0.00000000e+00
5.52418351e-01
0.00000000e+00
0.00000000e+00
0.00000000e+00
0.00000000e+00
8.82596672e-02
8.82596672e-02
8.82596672e-02
8.82596672e-02
8.82596672e-02
8.82596672e-02
8.82596672e-02
9.84196812e-02
8.51263627e-02
2.64486969e-01
2.17220828e-01
3.09121698e-01
1.89053699e-01
0.00000000e+00
2.98300311e-02
1.28409535e-01
0.00000000e+00
0.00000000e+00
0.00000000e+00
1.27733186e-01
0.00000000e+00
0.00000000e+00
0.00000000e+00
0.00000000e+00
1.45143867e-01
3.68874311e-01
0.00000000e+00
0.00000000e+00
0.00000000e+00
0.00000000e+00
1.44597903e-01
5.40685475e-01
4.35789049e-01
0.00000000e+00
0.00000000e+00
0.00000000e+00
6.80936128e-03
1.34313494e-01
4.68378067e-01
0.00000000e+00
0.00000000e+00
0.00000000e+00
0.00000000e+00
4.04030606e-02
1.73039690e-01
0.00000000e+00
0.00000000e+00
0.00000000e+00
0.00000000e+00
8.73674452e-03
8.73674452e-03
8.73674452e-03
8.73674452e-03
8.73674452e-03
8.73674452e-03
7.49122649e-02
1.29610315e-01
2.30480477e-01
9.87707824e-02
1.24482036e-01
1.22006252e-01
3.04759219e-02
7.49122649e-02
1.47219494e-01
3.37066054e-01
7.98769832e-01
1.16097617e+00
5.94758570e-01
9.40436423e-02
9.11904126e-02
1.64977871e-02
3.26214805e-02
4.54825982e-02
9.66792703e-02
0.00000000e+00
1.78099379e-01
7.49122649e-02
8.73674452e-03
8.73674452e-03
1.70255870e-01
0.00000000e+00
1.22074053e-01
2.25130737e-01
7.49122649e-02
8.73674452e-03
6.09234162e-02
1.10222235e-01
0.00000000e+00
2.61455297e-01
1.33104324e-02
7.49122649e-02
4.29034233e-02
4.55029234e-02
6.26288831e-01
7.30991364e-01
1.95660055e-01
4.29034233e-02
9.63788256e-02
0.00000000e+00
0.00000000e+00
0.00000000e+00
0.00000000e+00
0.00000000e+00
0.00000000e+00
1.75245181e-02
0.00000000e+00
1.46350622e-01
0.00000000e+00
0.00000000e+00
0.00000000e+00
0.00000000e+00
0.00000000e+00
0.00000000e+00
0.00000000e+00
2.40781337e-01
0.00000000e+00
1.81120127e-01
0.00000000e+00
0.00000000e+00
0.00000000e+00
0.00000000e+00
0.00000000e+00
0.00000000e+00
9.04607624e-02
0.00000000e+00
0.00000000e+00
0.00000000e+00
0.00000000e+00
0.00000000e+00
3.20945308e-02
0.00000000e+00
0.00000000e+00
0.00000000e+00
0.00000000e+00
0.00000000e+00
7.31359199e-02
2.59410813e-02
0.00000000e+00
0.00000000e+00
0.00000000e+00
0.00000000e+00
0.00000000e+00
2.03627259e-01
0.00000000e+00
0.00000000e+00
0.00000000e+00
0.00000000e+00
0.00000000e+00
0.00000000e+00
0.00000000e+00
0.00000000e+00
0.00000000e+00
0.00000000e+00
0.00000000e+00
0.00000000e+00
0.00000000e+00
0.00000000e+00
0.00000000e+00
0.00000000e+00
0.00000000e+00
0.00000000e+00
0.00000000e+00
0.00000000e+00
0.00000000e+00
0.00000000e+00
0.00000000e+00
0.00000000e+00
0.00000000e+00
0.00000000e+00
0.00000000e+00
0.00000000e+00
0.00000000e+00
0.00000000e+00
0.00000000e+00
0.00000000e+00
0.00000000e+00
0.00000000e+00
0.00000000e+00
0.00000000e+00
0.00000000e+00
0.00000000e+00
0.00000000e+00
0.00000000e+00
0.00000000e+00
0.00000000e+00
0.00000000e+00
0.00000000e+00
0.00000000e+00
0.00000000e+00
0.00000000e+00
0.00000000e+00
0.00000000e+00
0.00000000e+00
0.00000000e+00
0.00000000e+00
0.00000000e+00
0.00000000e+00
0.00000000e+00
0.00000000e+00
0.00000000e+00
0.00000000e+00
0.00000000e+00
4.20177728e-03
0.00000000e+00
1.77538559e-01
2.24372894e-01
6.35673702e-02
7.23713487e-02
0.00000000e+00
0.00000000e+00
0.00000000e+00
0.00000000e+00
0.00000000e+00
0.00000000e+00
2.46327743e-01
1.53154999e-01
0.00000000e+00
0.00000000e+00
0.00000000e+00
0.00000000e+00
6.02066517e-03
3.39557081e-02
2.94001818e-01
0.00000000e+00
0.00000000e+00
0.00000000e+00
1.07266903e-02
0.00000000e+00
2.68737257e-01
1.48994759e-01
0.00000000e+00
0.00000000e+00
0.00000000e+00
0.00000000e+00
2.54490644e-01
3.03047717e-01
0.00000000e+00
0.00000000e+00
0.00000000e+00
0.00000000e+00
0.00000000e+00
4.09614086e-01
5.61857782e-02
0.00000000e+00
9.19711590e-03
0.00000000e+00
0.00000000e+00
0.00000000e+00
0.00000000e+00
0.00000000e+00
0.00000000e+00
0.00000000e+00
0.00000000e+00
0.00000000e+00
0.00000000e+00
0.00000000e+00
0.00000000e+00
0.00000000e+00
0.00000000e+00
0.00000000e+00
0.00000000e+00
0.00000000e+00
0.00000000e+00
0.00000000e+00
0.00000000e+00
0.00000000e+00
0.00000000e+00
0.00000000e+00
0.00000000e+00
0.00000000e+00
0.00000000e+00
0.00000000e+00
0.00000000e+00
0.00000000e+00
0.00000000e+00
0.00000000e+00
0.00000000e+00
0.00000000e+00
0.00000000e+00
0.00000000e+00
0.00000000e+00
0.00000000e+00
0.00000000e+00
0.00000000e+00
0.00000000e+00
0.00000000e+00
0.00000000e+00
9.36289132e-03
1.97006837e-02
0.00000000e+00
0.00000000e+00
1.18307993e-01
9.36289132e-03
9.36289132e-03
0.00000000e+00
0.00000000e+00
0.00000000e+00
0.00000000e+00
0.00000000e+00
0.00000000e+00
0.00000000e+00
0.00000000e+00
0.00000000e+00
0.00000000e+00
0.00000000e+00
0.00000000e+00
0.00000000e+00
0.00000000e+00
0.00000000e+00
6.96605682e-01
7.47986555e-01
4.31596279e-01
4.60028499e-02
3.48751903e-01
0.00000000e+00
0.00000000e+00
0.00000000e+00
0.00000000e+00
0.00000000e+00
6.23935640e-01
2.41813883e-01
0.00000000e+00
0.00000000e+00
0.00000000e+00
0.00000000e+00
1.80462644e-01
5.96701026e-01
0.00000000e+00
0.00000000e+00
0.00000000e+00
0.00000000e+00
0.00000000e+00
6.59879029e-01
2.02775329e-01
0.00000000e+00
0.00000000e+00
6.28645420e-02
1.59196556e-03
6.32484198e-01
6.04591250e-01
0.00000000e+00
0.00000000e+00
0.00000000e+00
0.00000000e+00
0.00000000e+00
0.00000000e+00
0.00000000e+00
0.00000000e+00
0.00000000e+00
4.61406484e-02
0.00000000e+00
8.49535763e-02
1.59872323e-01
8.61348584e-02
2.87080079e-01
2.28244573e-01
1.18857697e-02
0.00000000e+00
1.34531736e-01
1.02921553e-01
1.26833618e-01
5.36609948e-01
1.50167495e-01
6.81806356e-03
0.00000000e+00
0.00000000e+00
0.00000000e+00
1.73969597e-01
6.29926383e-01
0.00000000e+00
6.81806356e-03
0.00000000e+00
0.00000000e+00
0.00000000e+00
4.86261964e-01
3.05691659e-01
2.22202316e-02
6.81806356e-03
0.00000000e+00
0.00000000e+00
4.00486320e-01
3.84701878e-01
0.00000000e+00
5.03525138e-03
6.81806356e-03
0.00000000e+00
0.00000000e+00
2.64831007e-01
1.68085635e-01
0.00000000e+00
0.00000000e+00
6.81806356e-03
0.00000000e+00
0.00000000e+00
0.00000000e+00
0.00000000e+00
0.00000000e+00
0.00000000e+00
0.00000000e+00
0.00000000e+00
3.67640406e-01
8.26548636e-01
5.62450230e-01
5.63471377e-01
2.48059273e-01
0.00000000e+00
0.00000000e+00
0.00000000e+00
3.35705489e-01
7.33821690e-01
9.61911500e-01
5.08390546e-01
6.08407632e-02
0.00000000e+00
0.00000000e+00
0.00000000e+00
0.00000000e+00
0.00000000e+00
0.00000000e+00
0.00000000e+00
0.00000000e+00
0.00000000e+00
0.00000000e+00
2.11056843e-02
8.64176229e-02
0.00000000e+00
0.00000000e+00
0.00000000e+00
0.00000000e+00
7.47454241e-02
0.00000000e+00
1.50589392e-01
0.00000000e+00
0.00000000e+00
6.66200742e-02
6.66200742e-02
0.00000000e+00
1.00109324e-01
6.66200742e-02
6.66200742e-02
7.79952854e-02
4.50202897e-02
0.00000000e+00
0.00000000e+00
0.00000000e+00
0.00000000e+00
0.00000000e+00
6.00513443e-02
4.50202897e-02
3.92722011e-01
9.36178267e-01
6.71729088e-01
8.21796536e-01
1.06308448e+00
5.04192039e-02
4.50202897e-02
3.21147710e-01
7.24797398e-02
0.00000000e+00
1.93109885e-02
1.58290714e-01
5.04192039e-02
4.50202897e-02
6.73456490e-02
1.86858714e-01
9.33032855e-02
1.40713036e-01
1.67281777e-02
5.04192039e-02
4.50202897e-02
0.00000000e+00
0.00000000e+00
1.64228052e-01
1.28548086e-01
2.04755478e-02
5.04192039e-02
4.50202897e-02
0.00000000e+00
0.00000000e+00
1.57279283e-01
3.13983783e-02
0.00000000e+00
5.04192039e-02
4.50202897e-02
0.00000000e+00
1.25441402e-02
0.00000000e+00
0.00000000e+00
0.00000000e+00
5.04192039e-02
3.40890512e-02
0.00000000e+00
0.00000000e+00
0.00000000e+00
0.00000000e+00
0.00000000e+00
0.00000000e+00
0.00000000e+00
5.37145555e-01
8.02890837e-01
5.44014573e-01
4.30098832e-01
0.00000000e+00
0.00000000e+00
0.00000000e+00
1.88456476e-03
3.51553977e-01
5.60365677e-01
7.77274191e-01
0.00000000e+00
0.00000000e+00
0.00000000e+00
0.00000000e+00
0.00000000e+00
2.72383764e-02
1.03111155e-01
0.00000000e+00
0.00000000e+00
0.00000000e+00
0.00000000e+00
1.03472181e-01
1.02228127e-01
2.30123460e-01
0.00000000e+00
0.00000000e+00
0.00000000e+00
0.00000000e+00
1.88297808e-01
3.33541244e-01
0.00000000e+00
0.00000000e+00
0.00000000e+00
0.00000000e+00
0.00000000e+00
3.41592789e-01
4.49341595e-01
0.00000000e+00
0.00000000e+00
0.00000000e+00
2.49583311e-02
1.69131532e-02
1.69131532e-02
1.69131532e-02
1.69131532e-02
1.69131532e-02
1.69131532e-02
2.49583311e-02
1.37374923e-02
0.00000000e+00
0.00000000e+00
0.00000000e+00
0.00000000e+00
1.29875019e-02
1.39805377e-01
7.58329153e-01
9.20164108e-01
1.04789937e+00
4.86222595e-01
1.56099975e-01
8.28672945e-02
2.96388678e-02
1.70074582e-01
4.27050680e-01
5.17637372e-01
8.08087364e-02
3.18771482e-01
2.28672512e-02
2.49583311e-02
1.69131532e-02
2.79327333e-02
0.00000000e+00
2.80596793e-01
2.48510092e-01
1.69131532e-02
2.49583311e-02
2.41983272e-02
0.00000000e+00
1.27103597e-01
4.27762032e-01
1.69131532e-02
1.69131532e-02
1.34449929e-01
2.14554310e-01
5.60929477e-01
1.06177056e+00
2.61257291e-01
1.34449929e-01
1.34449929e-01
1.51334345e-01
7.23896101e-02
7.23896101e-02
7.23896101e-02
7.23896101e-02
7.23896101e-02
7.23896101e-02
1.25574678e-01
4.75555360e-01
0.00000000e+00
0.00000000e+00
0.00000000e+00
0.00000000e+00
5.28649241e-03
1.01813518e-01
3.23707819e-01
0.00000000e+00
0.00000000e+00
9.24366936e-02
0.00000000e+00
5.28649241e-03
3.69184464e-03
0.00000000e+00
0.00000000e+00
8.88642013e-01
3.16193849e-01
0.00000000e+00
5.28649241e-03
3.69184464e-03
0.00000000e+00
4.95529413e-01
6.65507317e-01
0.00000000e+00
0.00000000e+00
5.28649241e-03
3.69184464e-03
3.35483178e-02
8.35475266e-01
0.00000000e+00
0.00000000e+00
0.00000000e+00
5.28649241e-03
3.69184464e-03
1.05847605e-01
8.13021958e-01
0.00000000e+00
0.00000000e+00
0.00000000e+00
3.02243829e-02
3.43479067e-02
0.00000000e+00
0.00000000e+00
0.00000000e+00
0.00000000e+00
0.00000000e+00
2.21922845e-02
0.00000000e+00
2.49204203e-01
3.80835354e-01
5.38872421e-01
5.69761276e-01
2.26455599e-01
2.21922845e-02
0.00000000e+00
7.54910931e-02
0.00000000e+00
0.00000000e+00
9.20994282e-02
5.39757311e-03
2.21922845e-02
0.00000000e+00
0.00000000e+00
0.00000000e+00
0.00000000e+00
2.44078070e-01
5.36976829e-02
2.21922845e-02
0.00000000e+00
0.00000000e+00
1.64772123e-02
2.90581733e-02
1.04271114e-01
8.82627815e-03
2.21922845e-02
0.00000000e+00
0.00000000e+00
0.00000000e+00
6.37356788e-02
0.00000000e+00
0.00000000e+00
2.21922845e-02
0.00000000e+00
0.00000000e+00
0.00000000e+00
0.00000000e+00
0.00000000e+00
0.00000000e+00
5.61318249e-02
8.28923509e-02
1.91477537e-02
1.91477537e-02
1.91477537e-02
1.91477537e-02
1.91477537e-02
1.91477537e-02
1.64884448e-01
3.36519301e-01
0.00000000e+00
0.00000000e+00
0.00000000e+00
2.40283459e-03
5.10365516e-03
2.46159583e-01
6.55451894e-01
2.18863428e-01
1.12020165e-01
0.00000000e+00
0.00000000e+00
5.10365516e-03
5.93283474e-02
5.08214906e-02
1.70183927e-01
3.38838965e-01
1.97308138e-02
0.00000000e+00
5.10365516e-03
5.93283474e-02
0.00000000e+00
9.58968997e-02
1.07477546e-01
0.00000000e+00
0.00000000e+00
5.10365516e-03
5.93283474e-02
4.05896753e-02
2.73897529e-01
0.00000000e+00
0.00000000e+00
0.00000000e+00
5.10365516e-03
8.63512307e-02
2.48539284e-01
7.94767916e-01
0.00000000e+00
8.63512307e-02
8.63512307e-02
1.52825952e-01
5.49598336e-02
0.00000000e+00
0.00000000e+00
0.00000000e+00
0.00000000e+00
0.00000000e+00
0.00000000e+00
0.00000000e+00
4.60307598e-02
0.00000000e+00
0.00000000e+00
0.00000000e+00
1.13676772e-01
0.00000000e+00
0.00000000e+00
0.00000000e+00
0.00000000e+00
0.00000000e+00
5.42327046e-01
2.75827795e-01
0.00000000e+00
0.00000000e+00
0.00000000e+00
0.00000000e+00
0.00000000e+00
9.68655586e-01
0.00000000e+00
0.00000000e+00
0.00000000e+00
0.00000000e+00
0.00000000e+00
8.62337828e-01
8.81981730e-01
0.00000000e+00
0.00000000e+00
0.00000000e+00
0.00000000e+00
1.79285973e-01
8.27458620e-01
0.00000000e+00
0.00000000e+00
0.00000000e+00
0.00000000e+00
0.00000000e+00
3.71745378e-01
3.78181130e-01
0.00000000e+00
0.00000000e+00
0.00000000e+00
0.00000000e+00
0.00000000e+00
0.00000000e+00
0.00000000e+00
0.00000000e+00
0.00000000e+00
0.00000000e+00
0.00000000e+00
0.00000000e+00
0.00000000e+00
0.00000000e+00
0.00000000e+00
1.39171481e-01
0.00000000e+00
7.34140277e-02
2.90544331e-02
0.00000000e+00
1.33961737e-02
0.00000000e+00
4.60124314e-01
0.00000000e+00
0.00000000e+00
0.00000000e+00
0.00000000e+00
1.65904179e-01
5.78148484e-01
6.63562357e-01
0.00000000e+00
0.00000000e+00
0.00000000e+00
7.67001212e-02
3.31555754e-02
6.99976981e-01
9.16666538e-03
0.00000000e+00
0.00000000e+00
0.00000000e+00
1.20622292e-01
7.19910920e-01
4.42501009e-01
0.00000000e+00
0.00000000e+00
0.00000000e+00
4.57889438e-02
8.54699463e-02
4.71941233e-01
1.88449025e-02
0.00000000e+00
0.00000000e+00
2.05203705e-02
0.00000000e+00
0.00000000e+00
0.00000000e+00
0.00000000e+00
0.00000000e+00
8.49303305e-02
0.00000000e+00
1.36466905e-01
2.64009476e-01
8.84560794e-02
9.74456072e-02
0.00000000e+00
4.37655300e-03
0.00000000e+00
0.00000000e+00
3.32730174e-01
3.00745338e-01
3.88652235e-01
4.73495305e-01
4.37655300e-03
0.00000000e+00
0.00000000e+00
0.00000000e+00
0.00000000e+00
0.00000000e+00
1.44568503e-01
4.37655300e-03
0.00000000e+00
0.00000000e+00
0.00000000e+00
0.00000000e+00
7.39866868e-02
0.00000000e+00
4.37655300e-03
0.00000000e+00
0.00000000e+00
0.00000000e+00
3.70788053e-02
3.43650132e-02
0.00000000e+00
4.37655300e-03
3.28860208e-02
2.11112909e-02
0.00000000e+00
2.54340619e-01
0.00000000e+00
0.00000000e+00
2.50789300e-02
7.03455955e-02
6.59745261e-02
6.59745261e-02
6.59745261e-02
6.59745261e-02
6.59745261e-02
6.59745261e-02
0.00000000e+00
1.03595838e-01
2.98581213e-01
3.03726822e-01
3.89718354e-01
2.88097024e-01
0.00000000e+00
0.00000000e+00
0.00000000e+00
0.00000000e+00
0.00000000e+00
0.00000000e+00
0.00000000e+00
0.00000000e+00
0.00000000e+00
0.00000000e+00
0.00000000e+00
0.00000000e+00
8.65416452e-02
0.00000000e+00
0.00000000e+00
0.00000000e+00
0.00000000e+00
0.00000000e+00
1.80275768e-01
1.74609587e-01
0.00000000e+00
0.00000000e+00
0.00000000e+00
0.00000000e+00
9.43527967e-02
1.67532265e-01
0.00000000e+00
0.00000000e+00
0.00000000e+00
0.00000000e+00
0.00000000e+00
0.00000000e+00
0.00000000e+00
0.00000000e+00
0.00000000e+00
0.00000000e+00
0.00000000e+00
0.00000000e+00
0.00000000e+00
0.00000000e+00
0.00000000e+00
0.00000000e+00
0.00000000e+00
0.00000000e+00
0.00000000e+00
5.59957102e-02
0.00000000e+00
0.00000000e+00
9.56360772e-02
0.00000000e+00
0.00000000e+00
0.00000000e+00
0.00000000e+00
3.37606557e-02
0.00000000e+00
8.53696823e-01
0.00000000e+00
0.00000000e+00
0.00000000e+00
0.00000000e+00
0.00000000e+00
6.19750381e-01
5.24527371e-01
0.00000000e+00
0.00000000e+00
0.00000000e+00
0.00000000e+00
0.00000000e+00
5.24215341e-01
0.00000000e+00
0.00000000e+00
0.00000000e+00
0.00000000e+00
0.00000000e+00
6.94177628e-01
4.37273294e-01
0.00000000e+00
0.00000000e+00
1.37288645e-02
7.40417093e-03
0.00000000e+00
4.32625681e-01
6.27512783e-02
7.40417093e-03
6.00916669e-02
3.47162485e-02
3.01366225e-02
3.01366225e-02
3.01366225e-02
3.01366225e-02
3.01366225e-02
3.01366225e-02
2.63728201e-03
0.00000000e+00
0.00000000e+00
0.00000000e+00
0.00000000e+00
0.00000000e+00
0.00000000e+00
5.55602536e-02
8.33912611e-01
1.37299860e+00
1.48493004e+00
1.01335239e+00
0.00000000e+00
0.00000000e+00
0.00000000e+00
0.00000000e+00
5.15788347e-02
1.62131339e-01
0.00000000e+00
0.00000000e+00
0.00000000e+00
0.00000000e+00
0.00000000e+00
0.00000000e+00
0.00000000e+00
0.00000000e+00
0.00000000e+00
0.00000000e+00
0.00000000e+00
0.00000000e+00
0.00000000e+00
0.00000000e+00
0.00000000e+00
0.00000000e+00
0.00000000e+00
2.13405006e-02
8.78459737e-02
1.06383872e+00
8.24701846e-01
5.26747257e-02
1.75328702e-02
1.75328702e-02
6.04868680e-02
0.00000000e+00
0.00000000e+00
0.00000000e+00
0.00000000e+00
0.00000000e+00
3.65284979e-02
2.37179883e-02
1.02044083e-01
0.00000000e+00
0.00000000e+00
0.00000000e+00
0.00000000e+00
3.65284979e-02
2.37179883e-02
9.64504555e-02
0.00000000e+00
0.00000000e+00
1.30333781e-01
0.00000000e+00
3.65284979e-02
2.37179883e-02
5.81637025e-03
3.09850127e-02
1.70820326e-01
5.18475235e-01
0.00000000e+00
3.65284979e-02
2.37179883e-02
0.00000000e+00
0.00000000e+00
4.50565994e-01
0.00000000e+00
0.00000000e+00
3.65284979e-02
2.37179883e-02
0.00000000e+00
3.74695688e-01
4.61809337e-01
0.00000000e+00
0.00000000e+00
3.65284979e-02
2.37179883e-02
0.00000000e+00
5.42298615e-01
0.00000000e+00
0.00000000e+00
0.00000000e+00
6.25296757e-02
4.99343537e-02
4.99343537e-02
4.99343537e-02
4.99343537e-02
4.99343537e-02
4.99343537e-02
8.50788057e-02
9.62393358e-02
6.85149670e-01
1.01002455e+00
1.17602301e+00
1.18841445e+00
6.71711624e-01
3.18601355e-02
0.00000000e+00
0.00000000e+00
0.00000000e+00
0.00000000e+00
0.00000000e+00
1.12529114e-01
3.18601355e-02
3.54686379e-03
1.22213259e-01
2.29192510e-01
4.08248633e-01
0.00000000e+00
0.00000000e+00
3.18601355e-02
0.00000000e+00
0.00000000e+00
2.36111164e-01
2.63049573e-01
0.00000000e+00
0.00000000e+00
3.18601355e-02
0.00000000e+00
5.31426072e-02
2.44910598e-01
0.00000000e+00
0.00000000e+00
0.00000000e+00
3.18601355e-02
0.00000000e+00
0.00000000e+00
0.00000000e+00
0.00000000e+00
0.00000000e+00
0.00000000e+00
3.58544812e-02
0.00000000e+00
0.00000000e+00
0.00000000e+00
0.00000000e+00
0.00000000e+00
0.00000000e+00
3.65405530e-03
0.00000000e+00
8.90394077e-02
1.01457909e-02
0.00000000e+00
0.00000000e+00
0.00000000e+00
3.65405530e-03
0.00000000e+00
0.00000000e+00
2.06427753e-01
2.03480750e-01
2.68323809e-01
0.00000000e+00
3.65405530e-03
0.00000000e+00
0.00000000e+00
0.00000000e+00
9.75571573e-03
0.00000000e+00
0.00000000e+00
3.65405530e-03
0.00000000e+00
0.00000000e+00
0.00000000e+00
0.00000000e+00
1.66298226e-02
0.00000000e+00
3.65405530e-03
0.00000000e+00
0.00000000e+00
0.00000000e+00
0.00000000e+00
0.00000000e+00
0.00000000e+00
3.65405530e-03
0.00000000e+00
0.00000000e+00
6.97508752e-02
9.33069214e-02
0.00000000e+00
0.00000000e+00
1.21395528e-01
0.00000000e+00
0.00000000e+00
0.00000000e+00
0.00000000e+00
0.00000000e+00
0.00000000e+00
6.88409209e-02
0.00000000e+00
0.00000000e+00
0.00000000e+00
0.00000000e+00
4.22045812e-02
0.00000000e+00
2.09622383e-02
0.00000000e+00
6.58194721e-03
2.72964425e-02
5.16759977e-02
1.38255447e-01
1.42674059e-01
2.09622383e-02
0.00000000e+00
0.00000000e+00
0.00000000e+00
2.71710753e-01
0.00000000e+00
0.00000000e+00
2.09622383e-02
0.00000000e+00
0.00000000e+00
9.63469595e-02
2.16451868e-01
2.57760659e-02
0.00000000e+00
2.09622383e-02
0.00000000e+00
0.00000000e+00
3.13211650e-01
7.89958984e-03
2.62913704e-02
0.00000000e+00
2.09622383e-02
0.00000000e+00
0.00000000e+00
1.13725305e-01
5.47374785e-02
0.00000000e+00
0.00000000e+00
2.09622383e-02
0.00000000e+00
0.00000000e+00
0.00000000e+00
0.00000000e+00
0.00000000e+00
0.00000000e+00
0.00000000e+00
6.83498383e-03
2.41639271e-01
0.00000000e+00
0.00000000e+00
0.00000000e+00
1.24762453e-01
0.00000000e+00
0.00000000e+00
1.17842786e-01
0.00000000e+00
1.28906369e-02
1.45187214e-01
3.79874855e-02
0.00000000e+00
0.00000000e+00
0.00000000e+00
4.53813896e-02
4.20880497e-01
0.00000000e+00
0.00000000e+00
0.00000000e+00
0.00000000e+00
0.00000000e+00
1.98099986e-01
1.11169681e-01
0.00000000e+00
0.00000000e+00
0.00000000e+00
0.00000000e+00
9.06690955e-04
3.37453187e-01
0.00000000e+00
4.45469245e-02
0.00000000e+00
0.00000000e+00
0.00000000e+00
0.00000000e+00
4.48437512e-01
0.00000000e+00
0.00000000e+00
0.00000000e+00
7.19285980e-02
1.11988530e-01
4.17316854e-02
4.17316854e-02
4.17316854e-02
4.17316854e-02
4.17316854e-02
6.23135269e-02
1.39131188e-01
5.16067505e-01
0.00000000e+00
0.00000000e+00
0.00000000e+00
0.00000000e+00
0.00000000e+00
1.33665234e-01
0.00000000e+00
1.30910128e-02
0.00000000e+00
4.22777474e-01
0.00000000e+00
0.00000000e+00
5.81571087e-02
0.00000000e+00
7.02756718e-02
7.96072543e-01
4.39640462e-01
4.06244397e-02
0.00000000e+00
5.81571087e-02
0.00000000e+00
4.41075385e-01
6.44428372e-01
0.00000000e+00
5.23488298e-02
0.00000000e+00
5.81571087e-02
4.00518402e-02
7.55819499e-01
0.00000000e+00
1.03858151e-01
0.00000000e+00
0.00000000e+00
6.54515252e-02
1.23099379e-01
4.55160558e-01
2.19822347e-01
8.06905776e-02
3.70113552e-02
3.70113552e-02
0.00000000e+00
0.00000000e+00
0.00000000e+00
0.00000000e+00
0.00000000e+00
0.00000000e+00
0.00000000e+00
0.00000000e+00
9.70528275e-03
0.00000000e+00
0.00000000e+00
0.00000000e+00
0.00000000e+00
0.00000000e+00
0.00000000e+00
6.90981746e-02
2.69074500e-01
4.94917512e-01
9.71185565e-01
0.00000000e+00
0.00000000e+00
0.00000000e+00
0.00000000e+00
0.00000000e+00
5.27069688e-01
2.28379309e-01
0.00000000e+00
0.00000000e+00
0.00000000e+00
0.00000000e+00
3.14240903e-03
3.67078215e-01
0.00000000e+00
0.00000000e+00
0.00000000e+00
0.00000000e+00
0.00000000e+00
5.50568044e-01
0.00000000e+00
0.00000000e+00
0.00000000e+00
0.00000000e+00
0.00000000e+00
0.00000000e+00
2.39793152e-01
1.76260263e-01
0.00000000e+00
0.00000000e+00
2.40473673e-02
0.00000000e+00
0.00000000e+00
0.00000000e+00
0.00000000e+00
0.00000000e+00
0.00000000e+00
0.00000000e+00
0.00000000e+00
0.00000000e+00
0.00000000e+00
0.00000000e+00
0.00000000e+00
1.18160099e-01
0.00000000e+00
0.00000000e+00
1.66627675e-01
3.04791145e-02
0.00000000e+00
0.00000000e+00
2.51679063e-01
0.00000000e+00
0.00000000e+00
0.00000000e+00
0.00000000e+00
0.00000000e+00
6.99597836e-01
4.84941334e-01
0.00000000e+00
0.00000000e+00
0.00000000e+00
0.00000000e+00
2.30441540e-01
7.28799701e-01
0.00000000e+00
0.00000000e+00
0.00000000e+00
0.00000000e+00
0.00000000e+00
6.79346681e-01
3.38889211e-01
0.00000000e+00
0.00000000e+00
0.00000000e+00
2.46434137e-02
1.97982028e-01
4.51462626e-01
0.00000000e+00
0.00000000e+00
2.34938115e-02
0.00000000e+00
0.00000000e+00
0.00000000e+00
0.00000000e+00
0.00000000e+00
0.00000000e+00
0.00000000e+00
0.00000000e+00
3.50627989e-01
3.29199135e-01
0.00000000e+00
0.00000000e+00
0.00000000e+00
0.00000000e+00
7.45966360e-02
5.34871995e-01
5.88096738e-01
8.02626908e-01
7.60521233e-01
4.92626280e-01
0.00000000e+00
0.00000000e+00
0.00000000e+00
0.00000000e+00
3.02980483e-01
5.41009724e-01
0.00000000e+00
0.00000000e+00
0.00000000e+00
0.00000000e+00
0.00000000e+00
6.47195697e-01
1.92255765e-01
0.00000000e+00
0.00000000e+00
0.00000000e+00
0.00000000e+00
6.27097428e-01
8.35986733e-01
0.00000000e+00
0.00000000e+00
0.00000000e+00
1.22325383e-01
1.31095588e-01
5.77825665e-01
2.81466663e-01
2.37761065e-02
2.37761065e-02
2.37761065e-02
0.00000000e+00
0.00000000e+00
0.00000000e+00
0.00000000e+00
0.00000000e+00
0.00000000e+00
1.33235306e-02
3.02534550e-03
2.99479514e-02
1.61013037e-01
1.29497617e-01
7.10547417e-02
1.46834046e-01
1.41655132e-02
0.00000000e+00
1.36019781e-01
3.38460565e-01
2.18443111e-01
3.36618245e-01
0.00000000e+00
0.00000000e+00
0.00000000e+00
5.29585779e-03
9.83974785e-02
2.40518168e-01
3.27589929e-01
0.00000000e+00
0.00000000e+00
0.00000000e+00
0.00000000e+00
0.00000000e+00
4.74110283e-02
0.00000000e+00
1.22902095e-02
0.00000000e+00
0.00000000e+00
0.00000000e+00
0.00000000e+00
1.06115937e-02
4.41515595e-02
0.00000000e+00
0.00000000e+00
0.00000000e+00
0.00000000e+00
0.00000000e+00
1.37951389e-01
0.00000000e+00
0.00000000e+00
0.00000000e+00
3.22328135e-02
0.00000000e+00
0.00000000e+00
0.00000000e+00
0.00000000e+00
0.00000000e+00
0.00000000e+00
0.00000000e+00
9.03600454e-02
0.00000000e+00
0.00000000e+00
0.00000000e+00
0.00000000e+00
0.00000000e+00
0.00000000e+00
0.00000000e+00
2.30933949e-02
0.00000000e+00
1.11554384e-01
6.64760172e-02
0.00000000e+00
0.00000000e+00
0.00000000e+00
0.00000000e+00
0.00000000e+00
1.85637265e-01
0.00000000e+00
0.00000000e+00
0.00000000e+00
0.00000000e+00
0.00000000e+00
4.65303548e-02
0.00000000e+00
0.00000000e+00
0.00000000e+00
0.00000000e+00
0.00000000e+00
1.99590877e-01
1.02514274e-01
0.00000000e+00
0.00000000e+00
0.00000000e+00
0.00000000e+00
0.00000000e+00
1.95129916e-01
2.79255986e-01
0.00000000e+00
0.00000000e+00
0.00000000e+00
0.00000000e+00
0.00000000e+00
0.00000000e+00
0.00000000e+00
0.00000000e+00
0.00000000e+00
0.00000000e+00
0.00000000e+00
2.60525227e-01
4.43384528e-01
1.28663421e-01
3.77200134e-02
0.00000000e+00
0.00000000e+00
0.00000000e+00
3.44895303e-01
6.57083571e-01
9.25965369e-01
9.07792032e-01
1.71811447e-01
0.00000000e+00
0.00000000e+00
0.00000000e+00
0.00000000e+00
0.00000000e+00
4.68085259e-02
1.22186691e-02
0.00000000e+00
0.00000000e+00
0.00000000e+00
0.00000000e+00
4.59243581e-02
1.13639906e-01
0.00000000e+00
0.00000000e+00
0.00000000e+00
0.00000000e+00
1.25889495e-01
1.60734653e-01
1.82567835e-02
0.00000000e+00
0.00000000e+00
6.24397397e-03
0.00000000e+00
4.93239164e-01
4.09654915e-01
0.00000000e+00
0.00000000e+00
0.00000000e+00
0.00000000e+00
0.00000000e+00
0.00000000e+00
0.00000000e+00
0.00000000e+00
0.00000000e+00
2.16954499e-02
0.00000000e+00
2.05241606e-01
1.25293806e-02
1.59627944e-02
8.78640860e-02
0.00000000e+00
2.16954499e-02
0.00000000e+00
9.17795449e-02
4.56829667e-02
0.00000000e+00
6.50279462e-01
1.23327687e-01
2.16954499e-02
0.00000000e+00
0.00000000e+00
0.00000000e+00
0.00000000e+00
1.38738751e-01
0.00000000e+00
2.16954499e-02
0.00000000e+00
0.00000000e+00
0.00000000e+00
0.00000000e+00
3.27613801e-02
0.00000000e+00
2.16954499e-02
0.00000000e+00
0.00000000e+00
6.46658689e-02
1.11692980e-01
0.00000000e+00
0.00000000e+00
2.16954499e-02
2.73944885e-02
0.00000000e+00
1.64568111e-01
1.87245429e-01
0.00000000e+00
0.00000000e+00
2.16954499e-02
0.00000000e+00
0.00000000e+00
0.00000000e+00
0.00000000e+00
0.00000000e+00
0.00000000e+00
6.82120025e-02
0.00000000e+00
0.00000000e+00
0.00000000e+00
0.00000000e+00
0.00000000e+00
0.00000000e+00
0.00000000e+00
0.00000000e+00
5.67274541e-02
5.54942749e-02
1.13311708e-02
3.04225385e-01
4.23883826e-01
0.00000000e+00
0.00000000e+00
0.00000000e+00
0.00000000e+00
0.00000000e+00
5.11198878e-01
3.14406097e-01
0.00000000e+00
0.00000000e+00
0.00000000e+00
0.00000000e+00
4.00406629e-01
5.37327528e-01
1.59794465e-02
0.00000000e+00
0.00000000e+00
0.00000000e+00
0.00000000e+00
5.42864799e-01
2.42367536e-01
0.00000000e+00
0.00000000e+00
0.00000000e+00
0.00000000e+00
3.02868128e-01
5.08906305e-01
0.00000000e+00
0.00000000e+00
0.00000000e+00
0.00000000e+00
0.00000000e+00
0.00000000e+00
0.00000000e+00
0.00000000e+00
0.00000000e+00
0.00000000e+00
0.00000000e+00
1.03261054e-01
2.08084553e-01
0.00000000e+00
0.00000000e+00
0.00000000e+00
0.00000000e+00
0.00000000e+00
1.23328343e-01
0.00000000e+00
0.00000000e+00
1.27199665e-02
0.00000000e+00
0.00000000e+00
0.00000000e+00
0.00000000e+00
0.00000000e+00
2.96898246e-01
5.03843606e-01
0.00000000e+00
0.00000000e+00
0.00000000e+00
0.00000000e+00
0.00000000e+00
4.81785297e-01
0.00000000e+00
0.00000000e+00
0.00000000e+00
0.00000000e+00
0.00000000e+00
5.05190372e-01
4.83837366e-01
0.00000000e+00
0.00000000e+00
0.00000000e+00
0.00000000e+00
1.99753046e-03
3.68297756e-01
0.00000000e+00
0.00000000e+00
0.00000000e+00
0.00000000e+00
5.88303991e-02
1.20526776e-02
1.20526776e-02
1.20526776e-02
1.20526776e-02
1.20526776e-02
1.20526776e-02
0.00000000e+00
7.13311210e-02
0.00000000e+00
6.75404817e-03
0.00000000e+00
0.00000000e+00
0.00000000e+00
0.00000000e+00
3.02654445e-01
6.65867090e-01
5.48943460e-01
4.44758952e-01
7.74878263e-02
0.00000000e+00
0.00000000e+00
0.00000000e+00
0.00000000e+00
0.00000000e+00
0.00000000e+00
1.75996684e-02
0.00000000e+00
0.00000000e+00
0.00000000e+00
0.00000000e+00
0.00000000e+00
0.00000000e+00
0.00000000e+00
0.00000000e+00
0.00000000e+00
0.00000000e+00
0.00000000e+00
0.00000000e+00
0.00000000e+00
0.00000000e+00
0.00000000e+00
0.00000000e+00
0.00000000e+00
1.23995312e-01
4.81964946e-02
8.56044888e-03
0.00000000e+00
0.00000000e+00
3.55921313e-02
0.00000000e+00
0.00000000e+00
0.00000000e+00
0.00000000e+00
0.00000000e+00
0.00000000e+00
0.00000000e+00
0.00000000e+00
3.09522688e-01
2.58901954e-01
1.71244815e-01
1.22143477e-01
0.00000000e+00
0.00000000e+00
1.66023821e-02
0.00000000e+00
1.35214150e-01
3.13302755e-01
1.02947757e-01
0.00000000e+00
0.00000000e+00
0.00000000e+00
0.00000000e+00
6.39677644e-02
0.00000000e+00
0.00000000e+00
0.00000000e+00
0.00000000e+00
0.00000000e+00
4.29997593e-02
0.00000000e+00
0.00000000e+00
0.00000000e+00
0.00000000e+00
0.00000000e+00
0.00000000e+00
7.11266994e-02
0.00000000e+00
0.00000000e+00
0.00000000e+00
0.00000000e+00
0.00000000e+00
0.00000000e+00
0.00000000e+00
0.00000000e+00
1.08518787e-02
0.00000000e+00
0.00000000e+00
0.00000000e+00
0.00000000e+00
0.00000000e+00
0.00000000e+00
0.00000000e+00
0.00000000e+00
0.00000000e+00
0.00000000e+00
0.00000000e+00
0.00000000e+00
0.00000000e+00
0.00000000e+00
0.00000000e+00
0.00000000e+00
0.00000000e+00
4.02768731e-01
1.77402377e-01
1.12163320e-01
0.00000000e+00
2.12912396e-01
0.00000000e+00
0.00000000e+00
0.00000000e+00
0.00000000e+00
0.00000000e+00
5.52304745e-01
3.44903260e-01
0.00000000e+00
0.00000000e+00
0.00000000e+00
0.00000000e+00
6.65134609e-01
6.18097067e-01
0.00000000e+00
0.00000000e+00
0.00000000e+00
0.00000000e+00
0.00000000e+00
6.84596717e-01
2.21907333e-01
0.00000000e+00
0.00000000e+00
7.66059607e-02
2.51634531e-02
5.43724477e-01
6.16020858e-01
0.00000000e+00
0.00000000e+00
1.33104548e-02
8.51284638e-02
0.00000000e+00
0.00000000e+00
0.00000000e+00
0.00000000e+00
0.00000000e+00
0.00000000e+00
6.98952377e-03
1.41416907e-01
2.87476815e-02
0.00000000e+00
0.00000000e+00
0.00000000e+00
0.00000000e+00
6.98952377e-03
8.38449895e-02
2.38813609e-02
3.69086415e-02
3.54230106e-01
2.43334889e-01
0.00000000e+00
6.98952377e-03
0.00000000e+00
0.00000000e+00
0.00000000e+00
3.27118039e-01
3.48362625e-02
0.00000000e+00
6.98952377e-03
0.00000000e+00
0.00000000e+00
1.63784862e-01
2.72078335e-01
0.00000000e+00
0.00000000e+00
6.98952377e-03
0.00000000e+00
4.68768515e-02
3.50721866e-01
0.00000000e+00
0.00000000e+00
0.00000000e+00
6.98952377e-03
0.00000000e+00
1.65074185e-01
3.66146117e-01
0.00000000e+00
0.00000000e+00
0.00000000e+00
7.50350952e-03
0.00000000e+00
0.00000000e+00
0.00000000e+00
0.00000000e+00
0.00000000e+00
0.00000000e+00
0.00000000e+00
3.64514887e-02
3.93301904e-01
2.05124721e-01
6.87610358e-02
0.00000000e+00
0.00000000e+00
0.00000000e+00
0.00000000e+00
0.00000000e+00
0.00000000e+00
0.00000000e+00
2.24870041e-01
0.00000000e+00
0.00000000e+00
0.00000000e+00
0.00000000e+00
0.00000000e+00
5.42873621e-01
7.49533057e-01
0.00000000e+00
0.00000000e+00
0.00000000e+00
0.00000000e+00
0.00000000e+00
7.46319771e-01
0.00000000e+00
0.00000000e+00
0.00000000e+00
0.00000000e+00
0.00000000e+00
7.02710092e-01
6.70064509e-01
0.00000000e+00
0.00000000e+00
0.00000000e+00
0.00000000e+00
0.00000000e+00
5.16280174e-01
0.00000000e+00
0.00000000e+00
0.00000000e+00
0.00000000e+00
0.00000000e+00
0.00000000e+00
0.00000000e+00
0.00000000e+00
0.00000000e+00
2.88409591e-02
2.82992423e-02
2.34768540e-01
8.15488577e-01
9.04184461e-01
8.84064436e-01
5.80192804e-01
5.20600900e-02
0.00000000e+00
0.00000000e+00
2.52572894e-01
6.52373075e-01
7.03374147e-01
3.96107167e-01
4.80684415e-02
0.00000000e+00
0.00000000e+00
0.00000000e+00
8.09717923e-03
0.00000000e+00
7.61470124e-02
0.00000000e+00
0.00000000e+00
0.00000000e+00
7.48869106e-02
0.00000000e+00
5.52603379e-02
0.00000000e+00
0.00000000e+00
0.00000000e+00
0.00000000e+00
9.15948227e-02
1.04054950e-01
3.10027227e-02
0.00000000e+00
0.00000000e+00
0.00000000e+00
0.00000000e+00
0.00000000e+00
3.07825133e-02
7.52045438e-02
0.00000000e+00
0.00000000e+00
0.00000000e+00
0.00000000e+00
0.00000000e+00
0.00000000e+00
0.00000000e+00
0.00000000e+00
3.25647220e-02
0.00000000e+00
4.14837301e-02
1.77636176e-01
7.29551986e-02
1.60697281e-01
2.41665006e-01
0.00000000e+00
0.00000000e+00
0.00000000e+00
0.00000000e+00
0.00000000e+00
1.21346422e-01
1.76775783e-01
1.54732987e-02
0.00000000e+00
0.00000000e+00
0.00000000e+00
0.00000000e+00
0.00000000e+00
1.71367019e-01
0.00000000e+00
0.00000000e+00
0.00000000e+00
0.00000000e+00
0.00000000e+00
1.72890365e-01
1.77534714e-01
0.00000000e+00
0.00000000e+00
0.00000000e+00
0.00000000e+00
6.04200289e-02
2.77522862e-01
0.00000000e+00
0.00000000e+00
0.00000000e+00
0.00000000e+00
0.00000000e+00
1.85752243e-01
1.66111141e-01
0.00000000e+00
2.29040049e-02
